128
26 27 28 1
10 26 28 1
11 27 26 1
12 28 27 1
29 28 30 1
5 29 30 1
10 28 29 1
12 30 28 1
31 26 32 1
6 31 32 1
11 26 31 1
10 32 26 1
33 27 34 1
7 33 34 1
12 27 33 1
11 34 27 1
35 36 37 1
13 35 37 1
12 36 35 1
14 37 36 1
38 37 39 1
1 38 39 1
13 37 38 1
14 39 37 1
30 35 40 1
5 30 40 1
12 35 30 1
13 40 35 1
41 36 33 1
7 41 33 1
14 36 41 1
12 33 36 1
42 43 44 1
15 42 44 1
10 43 42 1
16 44 43 1
45 44 46 1
2 45 46 1
15 44 45 1
16 46 44 1
32 42 47 1
6 32 47 1
10 42 32 1
15 47 42 1
48 43 29 1
5 48 29 1
16 43 48 1
10 29 43 1
49 50 51 1
17 49 51 1
11 50 49 1
18 51 50 1
52 51 53 1
4 52 53 1
17 51 52 1
18 53 51 1
34 49 54 1
7 34 54 1
11 49 34 1
17 54 49 1
55 50 31 1
6 55 31 1
18 50 55 1
11 31 50 1
56 57 58 1
19 56 58 1
20 57 56 1
21 58 57 1
59 58 60 1
8 59 60 1
19 58 59 1
21 60 58 1
61 56 62 1
9 61 62 1
20 56 61 1
19 62 56 1
63 57 64 1
6 63 64 1
21 57 63 1
20 64 57 1
65 66 67 1
22 65 67 1
21 66 65 1
15 67 66 1
68 67 45 1
2 68 45 1
22 67 68 1
15 45 67 1
60 65 69 1
8 60 69 1
21 65 60 1
22 69 65 1
47 66 63 1
6 47 63 1
15 66 47 1
21 63 66 1
70 71 72 1
23 70 72 1
19 71 70 1
24 72 71 1
73 72 74 1
3 73 74 1
23 72 73 1
24 74 72 1
62 70 75 1
9 62 75 1
19 70 62 1
23 75 70 1
76 71 59 1
8 76 59 1
24 71 76 1
19 59 71 1
77 78 79 1
18 77 79 1
20 78 77 1
25 79 78 1
53 79 80 1
4 53 80 1
18 79 53 1
25 80 79 1
64 77 55 1
6 64 55 1
20 77 64 1
18 55 77 1
81 78 61 1
9 81 61 1
25 78 81 1
20 61 78 1
