0.000000 0.000244 2.000000
81
0.00000000000000 0.00000000000000
1.00000000000000 0.00000000000000
1.00000000000000 1.00000000000000
0.00000000000000 1.00000000000000
0.50000000000000 0.00000000000000
0.50000000000000 0.50000000000000
0.00000000000000 0.50000000000000
1.00000000000000 0.50000000000000
0.50000000000000 1.00000000000000
0.50000000000000 0.25000000000000
0.25000000000000 0.50000000000000
0.25000000000000 0.25000000000000
0.25000000000000 0.00000000000000
0.00000000000000 0.25000000000000
0.75000000000000 0.25000000000000
0.75000000000000 0.00000000000000
0.00000000000000 0.75000000000000
0.25000000000000 0.75000000000000
0.75000000000000 0.75000000000000
0.50000000000000 0.75000000000000
0.75000000000000 0.50000000000000
1.00000000000000 0.25000000000000
0.75000000000000 1.00000000000000
1.00000000000000 0.75000000000000
0.25000000000000 1.00000000000000
0.37500000000000 0.37500000000000
0.25000000000000 0.37500000000000
0.37500000000000 0.25000000000000
0.50000000000000 0.12500000000000
0.37500000000000 0.12500000000000
0.37500000000000 0.50000000000000
0.50000000000000 0.37500000000000
0.12500000000000 0.37500000000000
0.12500000000000 0.50000000000000
0.25000000000000 0.12500000000000
0.12500000000000 0.25000000000000
0.12500000000000 0.12500000000000
0.12500000000000 0.00000000000000
0.00000000000000 0.12500000000000
0.37500000000000 0.00000000000000
0.00000000000000 0.37500000000000
0.62500000000000 0.25000000000000
0.62500000000000 0.12500000000000
0.75000000000000 0.12500000000000
0.87500000000000 0.12500000000000
0.87500000000000 0.00000000000000
0.62500000000000 0.37500000000000
0.62500000000000 0.00000000000000
0.12500000000000 0.62500000000000
0.25000000000000 0.62500000000000
0.12500000000000 0.75000000000000
0.00000000000000 0.87500000000000
0.12500000000000 0.87500000000000
0.00000000000000 0.62500000000000
0.37500000000000 0.62500000000000
0.62500000000000 0.75000000000000
0.62500000000000 0.62500000000000
0.75000000000000 0.62500000000000
0.87500000000000 0.62500000000000
0.87500000000000 0.50000000000000
0.50000000000000 0.87500000000000
0.62500000000000 0.87500000000000
0.62500000000000 0.50000000000000
0.50000000000000 0.62500000000000
0.87500000000000 0.37500000000000
0.75000000000000 0.37500000000000
0.87500000000000 0.25000000000000
1.00000000000000 0.12500000000000
1.00000000000000 0.37500000000000
0.75000000000000 0.87500000000000
0.87500000000000 0.75000000000000
0.87500000000000 0.87500000000000
0.87500000000000 1.00000000000000
1.00000000000000 0.87500000000000
0.62500000000000 1.00000000000000
1.00000000000000 0.62500000000000
0.37500000000000 0.75000000000000
0.37500000000000 0.87500000000000
0.25000000000000 0.87500000000000
0.12500000000000 1.00000000000000
0.37500000000000 1.00000000000000
